JUMP
1               1999.805 55058.0183889687457    44.70
1               1999.805 55058.1033381746512    36.45
1               1999.805 55058.1882873964158    61.41
JUMP
JUMP
1                820.024 55058.9354316744313    24.19
JUMP
JUMP
1               1999.805 55136.7627490966245    21.80
1               1999.805 55136.8651454573251    50.58
1               1999.805 55136.9675418062719    23.54
JUMP
JUMP
1               1999.219 55422.9639271720216    33.10
1               1999.219 55423.0701149155960    49.70
1               1999.219 55423.1763026515925    22.85
JUMP
JUMP
1               1499.219 55496.7728508211120    29.07
1               1499.219 55496.8790385441014    37.81
1               1499.219 55496.9852262839275    18.76
JUMP
C JUMP
1               1499.219 55614.4145319882161    15.11
1               1499.219 55614.4437348155361    26.33
1               1499.219 55614.4729376717583    17.18
1               1499.219 55614.5021405055794    11.42
1               1499.219 55614.5313433430340    23.48
1               1499.219 55614.5605461838133    39.69
1               1499.219 55614.5897490317328    20.50
1               1499.219 55614.6189518822956    17.98
1               1499.219 55614.6481547098055    23.03
1               1499.219 55614.6773575662742    16.40
C JUMP
JUMP
1               1499.219 55653.3332906234942    27.18
1               1499.219 55653.4394783752525    19.73
1               1499.219 55653.5456661169012    27.42
JUMP
JUMP
1               1499.219 55743.0905431511421    32.58
1               1499.219 55743.1500090428963    13.54
1               1499.219 55743.2094749484034    12.36
1               1499.219 55743.2689408695819    20.57
1               1499.219 55743.3284067746939    27.28
JUMP
JUMP
1               1499.219 55829.8334831412833    34.05
1               1499.219 55829.9154031490301    21.45
1               1499.219 55829.9973231501058    25.09
1               1499.219 55830.0792431469121    65.66
JUMP
JUMP
1               1499.219 55931.5604042697255    21.19
1               1499.219 55931.6198701687651    13.20
1               1499.219 55931.6793360893644    21.69
1               1499.219 55931.7388019788275    22.83
1               1499.219 55931.7982678896823    25.28
JUMP
JUMP
1               1499.219 56023.3029095445027    14.80
1               1499.219 56023.3666222002109    13.99
1               1499.219 56023.4303348450548    17.84
1               1499.219 56023.4940474810199    16.21
1               1499.219 56023.5577601315617    31.94
JUMP
JUMP
1               1999.219 56028.2815957168358    30.91
1               1999.219 56028.3290000900458    17.22
JUMP
JUMP
1               1999.219 56032.2816818110971    19.35
1               1999.219 56032.3692815954509    20.37
JUMP
JUMP
1               1499.219 56113.0756897377479    17.54
1               1499.219 56113.1849164096174    16.00
1               1499.219 56113.2941430667532    36.12
JUMP
JUMP
1               1499.219 56206.8533750919871    23.75
1               1499.219 56206.9955881928004    27.54
JUMP
JUMP
1               1499.219 56299.5582360008495    25.63
1               1499.219 56299.6340829992177    14.21
C 1               1499.219 56299.7099300014248    48.81
1               1499.219 56299.7857769953982    42.95
JUMP
JUMP
1               1499.219 56389.4820291668820    49.77
JUMP
JUMP
1               1999.219 56399.2721541362215    18.50
1               1999.219 56399.3404208207224    21.46
1               1999.219 56399.4086874777846    26.53
1               1999.219 56399.4769541357068    34.28
JUMP
JUMP
1               1499.219 56474.2846599457891    19.52
JUMP
JUMP
1               1499.219 56587.7763957431587    17.70
1               1499.219 56587.8856223931078    16.50
1               1499.219 56587.9948490736210    26.07
JUMP
JUMP
1               1499.219 56671.5511378539476    39.05
1               1499.219 56671.6573256049093    21.38
1               1499.219 56671.7635133283022    55.89
JUMP
JUMP
1               1499.219 56742.3297462991915    20.03
1               1499.219 56742.3752574262494    23.67
1               1499.219 56742.4534905667146    24.87
1               1499.219 56742.5202401989407    27.74
1               1499.219 56742.5869898392588    36.84
JUMP
JUMP
1               1999.219 56745.3219777108802    39.65
1               1999.219 56745.3970673915872    21.26
1               1999.219 56745.4721570830692    18.17
1               1999.219 56745.5472467845349    15.40
JUMP
JUMP
1               1999.219 56778.2088656608256    24.06
1               1999.219 56778.2395831131631    19.58
1               1999.219 56778.2703005683918    16.05
1               1999.219 56778.3010180267984    17.28
1               1999.219 56778.3317354874946    19.74
1               1999.219 56778.3624529258773    34.90
1               1999.219 56778.3931703943778    14.13
1               1999.219 56778.4238878399922    21.41
1               1999.219 56778.4546052881059    23.76
1               1999.219 56778.4853227392196    22.43
JUMP
JUMP
1               1499.219 56787.2061933789537    18.45
JUMP
JUMP
1               1499.219 56798.1760776496725    18.68
JUMP
JUMP
1               1499.219 56838.0679718092029    46.56
1               1499.219 56838.1330126653261    20.87
1               1499.219 56838.1980534842010    21.98
1               1499.219 56838.2630943210549    32.44
JUMP
JUMP
C 1               1499.219 56941.7966838465469    59.29
1               1499.219 56941.8763246388886    18.92
1               1499.219 56941.9559654576677    14.63
1               1499.219 56942.0356062430958    22.64
JUMP
JUMP
1               1999.219 56943.8080938525417    20.86
1               1999.219 56943.9142815888737    16.02
1               1999.219 56944.0204693307471    16.74
JUMP
JUMP
1               1499.219 57026.5983792357357    13.33
1               1499.219 57026.7576608318024    29.56
JUMP
JUMP
1               1999.219 57119.3460866622511    23.02
1               1999.219 57119.5099266455170    25.38
JUMP
JUMP
1               1999.219 57209.0735832344922    16.40
1               1999.219 57209.1824481753559    14.66
1               1999.219 57209.2848445276333    20.12
JUMP
JUMP
1               1999.219 57299.8285105307902    34.24
1               1999.219 57299.9346982560207    24.63
1               1999.219 57300.0408859991984    24.00
JUMP
JUMP
1               1999.219 57387.5759944728464    20.83
1               1999.219 57387.6407149085904    38.63
1               1999.219 57387.7054353570253    22.47
1               1999.219 57387.7781417458484    27.91
1               1999.219 57387.8293326410800    38.33
JUMP
JUMP
1               1999.219 57573.0640386823285    25.20
1               1999.219 57573.1459586857808    14.41
1               1999.219 57573.2278787053245    21.69
1               1999.219 57573.3097986862412    33.41
JUMP
JUMP
1               1499.219 57769.5051613399453    19.29
1               1499.219 57769.5711935307262    24.13
1               1499.219 57769.6394601630344    24.25
1               1499.219 57769.7077268705941    14.34
1               1499.219 57769.7759935211871    20.77
JUMP
JUMP
1               1999.219 57791.5791602175413    19.71
1               1999.219 57791.6322492515165    19.16
1               1999.219 57791.6853382599044    25.87
JUMP
JUMP
1               1999.219 57875.2924580541804    36.34
1               1999.219 57875.3925824826899    24.55
JUMP
JUMP
1               1999.219 58030.8549951936910    33.82
1               1999.219 58030.9217448093116    17.12
1               1999.219 58030.9884944516999    24.86
JUMP
C JUMP
C 1               1999.219 58113.6053515798351    20.50
C 1               1999.219 58113.7054760158695    33.99
C JUMP
JUMP
1               1999.219 58305.1586281895228    19.75
JUMP
JUMP
1               1499.219 58320.0427382285182    19.76
1               1499.219 58320.1094878585083    20.97
PHASE -1
1               1499.219 58320.1762374895337    29.77
PHASE 1
JUMP
JUMP
1               1499.219 58384.8931524898019    23.30
1               1499.219 58384.9932769436348    42.63
JUMP
JUMP
1               1999.219 58412.8048248558621    14.37
1               1999.219 58412.8522292401124    36.11
PHASE 1
1               1999.219 58412.8996336041169    19.11
PHASE -1
1               1999.219 58412.9470379734832    14.14
JUMP
JUMP
1               1999.219 58480.6953789103600    29.23
JUMP
JUMP
1               1999.219 58491.5766167481764    23.95
1               1999.219 58491.6266789858143    18.45
1               1999.219 58491.6767412067617    26.28
1               1999.219 58491.7268034125546    19.57
JUMP
JUMP
1               1999.219 58582.3366107286812    17.33
1               1999.219 58582.4162442583449    19.01
JUMP
JUMP
1               1999.219 58676.0971479722781    19.90
1               1999.219 58676.1638975976963    22.44
1               1999.219 58676.2306472159874    21.85
JUMP
JUMP
1               1999.219 58753.8554717813912    16.27
1               1999.219 58753.9066699681694    17.15
1               1999.219 58753.9578681295404    17.85
1               1999.219 58754.0090663193025    39.69
JUMP
JUMP
1               1999.219 58844.6174639332968    32.38
1               1999.219 58844.7145446089950    26.79
JUMP
JUMP
1               1999.219 58933.4026011293553    25.56
1               1999.219 58933.4974098700079    17.92
JUMP
JUMP
1               2000.781 59021.1044532541123    16.45
1               2000.781 59021.1556514430906    12.70
1               2000.781 59021.2068496161752    11.07
1               2000.781 59021.2580478019643    33.91
JUMP
JUMP
1               1500.781 59037.0869157829457    20.93
1               1500.781 59037.1893121536785    33.69
JUMP
JUMP
1               1500.781 59076.0115784363965    22.96
1               1500.781 59076.1117028859463    24.04
JUMP
JUMP
1               2000.781 59146.8057590647333    21.58
1               2000.781 59146.8725086895271    24.10
1               2000.781 59146.9392583172935    25.89
JUMP
JUMP
1               2000.781 59233.5637173109390    22.01
1               2000.781 59233.7231764672649    33.20
JUMP
JUMP
1               2000.781 59246.5156946806505    18.59
1               2000.781 59246.5763664439146    22.18
JUMP
JUMP
1               2000.781 59317.4332995291415    26.52
1               2000.781 59317.4788106495933    23.62
JUMP
JUMP
1               2000.781 59362.2090552841875    58.19
1               2000.781 59362.3091797201667    23.63
JUMP
JUMP
1               1500.781 59565.6942440726082    15.53
1               1500.781 59565.7443062960101    13.72
1               1500.781 59565.7943685311905    18.49
1               1500.781 59565.8444307506252    22.69
JUMP
JUMP
1               2000.781 59599.6530413049314    23.01
JUMP
JUMP
1               2165.732 59644.4468362355330    16.39
1               2165.732 59644.5451383652540    21.12
JUMP
JUMP
1               2165.732 59705.2807662338547    22.27
1               2165.732 59705.3786644813535    22.96
JUMP
