MODE 1
JUMP
1                820.049 57784.3767018020985    21.73
1                820.049 57784.3783693429138    10.11
1                820.049 57784.3800368836637    20.72
1                820.049 57784.3817043773438    22.99
1                820.049 57784.3833719183618    15.06
1                820.049 57784.3850394582046    28.81
JUMP
JUMP
3                326.988 57914.9343410281880    20.61
3                326.988 57914.9363333258127    15.75
3                326.988 57914.9383256228575    12.75
3                326.988 57914.9403179200584    24.22
3                326.988 57914.9423102161527    21.33
JUMP
JUMP
1                820.049 58974.0848843363286    22.54
1                820.049 58974.0901854626155    15.77
JUMP
JUMP
1                820.781 58989.8348110060385    11.02
1                820.781 58989.8390395256715    12.48
1                820.781 58989.8432680458843    12.87
1                820.781 58989.8474965653238    13.18
1                820.781 58989.8517250851519    16.86
1                820.781 58989.8559536514712    15.50
1                820.781 58989.8601821713652    11.51
1                820.781 58989.8644106910411    12.91
1                820.781 58989.8686392107365    10.05
1                820.781 58989.8728677305277     9.00
JUMP

1                820.781 59105.5756358376871    15.10
1                820.781 59105.5798009986843    10.69
1                820.781 59105.5839661595375    17.56
1                820.781 59105.5881313672703    12.59
1                820.781 59105.5922965285186    24.28
1                820.781 59105.5964616900247    16.12
1                820.781 59105.6006268984461    16.10
1                820.781 59105.6047920606695    12.47
1                820.781 59105.6089572227033    14.96
1                820.781 59105.6131224318745    17.86
1                820.781 59105.6688774713045    18.10
1                820.781 59105.6707991553218    15.60
1                820.781 59105.6727207927265    17.09
1                820.781 59105.6746424766664    17.61
1                820.781 59105.6765641140762    13.24
1                820.781 59105.6784857986674    18.96
C 1                820.781 59105.6804074136044    21.73

JUMP
1                820.781 59144.4148604742748    18.04
1                820.781 59144.4176370291317    10.84
1                820.781 59144.4204135375133    22.89
1                820.781 59144.4231900932224    12.72
1                820.781 59144.4259666480126    15.12
1                820.781 59144.4287431565415    16.35
1                820.781 59144.4315197112883    12.22
1                820.781 59144.4342962662249    14.16
1                820.781 59144.4370728210977    18.34
1                820.781 59144.4398493287833    20.34
1                820.781 59144.4753874249051    12.88
1                820.781 59144.4797965234961    17.28
1                820.781 59144.4842056682134    13.57
1                820.781 59144.4886147660562    12.45
1                820.781 59144.4930239109505    12.91
1                820.781 59144.4974330087995    15.55
JUMP
JUMP
1                820.781 59173.4530275927980     8.25
1                820.781 59173.4568374446158     6.70
1                820.781 59173.4606472499437     7.67
1                820.781 59173.4644571024282     6.97
1                820.781 59173.4682669079761     5.38
1                820.781 59173.4720767141072     8.08
1                820.781 59173.4758865671764     7.93
1                820.781 59173.4796963736423     7.83
1                820.781 59173.4835062273818     7.81
1                820.781 59173.4873160342520     9.07
JUMP
JUMP
1                820.781 59178.4170596769040    12.07
1                820.781 59178.4205308809635    10.43
1                820.781 59178.4240021316305    10.99
1                820.781 59178.4274733360937    15.95
1                820.781 59178.4309445404812    13.85
1                820.781 59178.4344157919315    11.10
1                820.781 59178.4378869966699    10.66
1                820.781 59178.4413582485641    12.00
1                820.781 59178.4448294539351     8.64
1                820.781 59178.4483006594020    11.71
1                820.781 59178.4938698657656    10.23
1                820.781 59178.4977670947009    11.07
1                820.781 59178.5016642770175    18.35
1                820.781 59178.5055615062552    18.86
1                820.781 59178.5094586891698    11.84
1                820.781 59178.5133559189376    16.35
1                820.781 59178.5172531023370    13.59
1                820.781 59178.5211503327781    15.01
1                820.781 59178.5250475166163     9.60
1                820.781 59178.5289447473443    10.39
JUMP
JUMP
1                820.024 59460.9298317141328    10.88
1                820.024 59460.9349580846191    16.47
1                820.024 59460.9400844546524    15.01
1                820.024 59460.9452108249710    16.46
JUMP
JUMP
1                820.024 59461.8553279201400    28.94
1                820.024 59461.8576736296273    21.07
1                820.024 59461.8600193385836    28.22
1                820.024 59461.8623650487946    27.48
JUMP
JUMP
C 1                820.024 59464.8325088155730    67.89
C 1                820.024 59464.8329893890311    37.73
C 1                820.024 59464.8334699758761    24.80
C 1                820.024 59464.8339505759996    36.47
1                820.024 59464.8393079440533    17.71
1                820.024 59464.8435488627949    23.71
1                820.024 59464.8477897344562    13.79
1                820.024 59464.8520306533903    25.92
JUMP
JUMP
1                820.024 59466.8631988233597     6.55
1                820.024 59466.8680455954684     6.64
1                820.024 59466.8728923212174     6.74
1                820.024 59466.8777390940189    13.01
JUMP
JUMP
1                820.024 59468.7628797448446    11.69
1                820.024 59468.7680838026043    13.79
1                820.024 59468.7732878606071    13.89
1                820.024 59468.7784918726363    10.39
JUMP
JUMP
1                820.024 59490.5788739429358    18.25
1                820.024 59490.5831265318992    30.49
1                820.024 59490.5873790739419    18.13
1                820.024 59490.5916316163869    25.94
JUMP
JUMP
1                820.024 59518.4484948803163     5.53
1                820.024 59518.4542115868052     5.22
1                820.024 59518.4599282463022     5.33
1                820.024 59518.4656449529689     4.68
JUMP
JUMP
1                820.024 59545.4337892811118     4.51
1                820.024 59545.4398632681042     5.05
1                820.024 59545.4459372078558     6.21
1                820.024 59545.4520111940874     7.35
JUMP
JUMP
1                820.024 59574.5239513274552     7.66
1                820.024 59574.5300253282535     4.92
1                820.024 59574.5360992826097     6.13
1                820.024 59574.5421732372671     5.91
JUMP
JUMP
1                820.024 59604.4989231181067     4.11
1                820.024 59604.5046397688985     4.17
1                820.024 59604.5103564670013     5.84
1                820.024 59604.5160731657294     4.71
JUMP
JUMP
1                820.024 59634.3156990143891     7.35
1                820.024 59634.3217729827824     5.24
1                820.024 59634.3278469512226     7.14
1                820.024 59634.3339209191406     6.49
JUMP
JUMP
1                820.024 59662.9852933178339    10.81
1                820.024 59662.9911808736497    13.91
1                820.024 59662.9970684297293    16.29
1                820.024 59663.0029559859637    15.16
JUMP
JUMP
1                820.024 59692.0181984793785    13.90
1                820.024 59692.0242714919743    22.53
1                820.024 59692.0303445057215    23.99
1                820.024 59692.0364175206214    17.70
JUMP
JUMP
1                820.024 59726.1053048986177     7.66
1                820.024 59726.1111924346437     7.06
1                820.024 59726.1170800175988     8.63
1                820.024 59726.1229675535791     6.31
JUMP
JUMP
1                820.024 59761.0830363428079    11.73
1                820.024 59761.0889239067269    16.88
1                820.024 59761.0948114701135    12.36
1                820.024 59761.1006990347454    10.56
JUMP
