MODE 1
EFAC 1.35
C 7               1390.000 52500.3727743837891    39.35               239.0000
C 7               1390.000 52500.4904277205418    27.52               239.0000
1               1624.609 53193.2772018522601    38.27               239.0000
1               1949.609 53204.0329598159819    20.77               239.0000
C 1               1949.609 53204.0944325846549    68.18               239.0000
1               1949.609 53204.1559053475270    23.36               239.0000
1               1949.609 53204.2173781082067    16.64               239.0000
1               1949.609 53206.2779457580754    19.06               239.0000
1               1949.609 53227.0057169424144    20.80               239.0000
1               1949.609 53227.0473104663703    19.50               239.0000
1               1949.609 53227.0889039785867    39.92               239.0000
1               1949.609 53227.1304974926802    31.52               239.0000
1               1949.609 53227.1720910156351    26.57               239.0000
1               1949.609 53227.2136845257465    18.26               239.0000
1               1949.609 53228.0427153080116    38.81               239.0000
1               1949.609 53228.0611527815796    26.63               239.0000
1               1949.609 53228.1136792102579    29.35               239.0000
1               1949.609 53228.1392528108607    59.86               239.0000
1               1949.609 53228.1648264106612    20.27               239.0000
1               1949.609 53228.1904000176550    34.00               239.0000
1               1949.609 53228.2159736180168    33.01               239.0000
1               1949.609 53281.8159031461830    57.56               239.0000
1               1949.609 53281.8313347006867    51.61               239.0000
1               1949.609 53281.8467662409557    34.27               239.0000
1               1949.609 53281.8621977725542    30.07               239.0000
1               1949.609 53281.8776293275002    42.38               239.0000
1               1949.609 53281.8930608647179    14.49               239.0000
1               1949.609 53281.9084924167695    32.79               239.0000
1               1949.609 53281.9239239666272    35.98               239.0000
1               1949.609 53281.9393554982688    33.90               239.0000
1               1949.609 53319.6925272620607    22.37               239.0000
1               1949.609 53319.7079741455104    26.42               239.0000
1               1949.609 53319.7270641267096    37.54               239.0000
1               1949.609 53319.7513769200724    24.43               239.0000
1               1949.609 53319.8210125378398    32.26               239.0000
1               1949.609 53319.8372712790614    13.55               239.0000
1               1949.609 53319.8535300330367    17.56               239.0000
1               1949.609 53319.8697887949079    26.55               239.0000
1               1949.609 53319.8860475348694    18.09               239.0000
1               1949.609 53319.9023062975517    23.58               239.0000
1               1949.609 53319.9185650569862    20.86               239.0000
1               1949.609 53319.9348238085429    17.32               239.0000
1               1949.609 53319.9510825520653    38.71               239.0000
1               1949.609 53319.9673413109472    17.16               239.0000
1               1949.609 53378.5515074984911    30.92               239.0000
1               1949.609 53378.5906543236877    17.38               239.0000
1               1949.609 53378.6650046575049    27.78               239.0000
1               1949.609 53378.6783448646716    28.80               239.0000
1               1949.609 53378.6916850894727    22.68               239.0000
1               1949.609 53378.7050253103805    36.58               239.0000
1               1949.609 53378.7183655272284    23.27               239.0000
1               1949.609 53378.7317057430274    14.81               239.0000
1               1949.609 53378.7450459581258    19.07               239.0000
1               1949.609 53378.7583861734715    14.71               239.0000
1               1949.609 53378.7717263886676    31.61               239.0000
1               1949.609 53378.7850666049914    33.63               239.0000
1               1949.609 53414.4288072526029    21.91               239.0000
1               1949.609 53414.4475767724714    20.15               239.0000
1               1949.609 53414.4663462801639    31.00               239.0000
1               1949.609 53414.4851157907951    47.03               239.0000
1               1949.609 53414.5038852907078    24.92               239.0000
1               1949.609 53414.5226548193192    29.69               239.0000
1               1949.609 53414.5414243168096    16.63               239.0000
1               1949.609 53414.5601938229496    22.22               239.0000
1               1949.609 53414.5789633508094    31.64               239.0000
1               1949.609 53414.5977328438006    20.26               239.0000
1               1949.609 53414.6396098735874    21.47               239.0000
1               1937.305 53434.3865764621355    24.33               239.0000
1               1937.305 53434.4308380211855    26.84               239.0000
1               1937.305 53434.4750995770487    26.36               239.0000
1               1937.305 53434.5193611262867    18.88               239.0000
1               1937.305 53434.5636226859689    41.07               239.0000
1               1949.609 53438.3970685408875    38.43               239.0000
1               1949.609 53438.4290967083653    34.68               239.0000
1               1949.609 53438.4611248697945    23.01               239.0000
1               1949.609 53438.4931530503487    19.11               239.0000
1               1949.609 53438.5251812284966    22.47               239.0000
C 1                820.024 53452.4396255663182    43.55               239.0000
1               1949.609 53458.2934030489869    21.04               239.0000
1               1949.609 53458.3194659923826    19.95               239.0000
1               1949.609 53458.3455289299267    14.57               239.0000
1               1949.609 53458.3715918760270    18.12               239.0000
1               1949.609 53458.3976548044174    17.13               239.0000
1               1949.609 53458.4237177354476    29.43               239.0000
1               1949.609 53458.4497806739747    18.72               239.0000
1               1949.609 53458.4758436278134    20.06               239.0000
1               1949.609 53458.5019065606820    18.80               239.0000
1               1949.609 53458.5279694905438    32.01               239.0000
1               1949.609 53474.2879332397555    19.65               239.0000
1               1949.609 53474.3101630613663    26.61               239.0000
1               1949.609 53474.3323928542808    24.70               239.0000
1               1949.609 53474.3546226803514    28.34               239.0000
1               1949.609 53474.3768524768571    17.22               239.0000
1               1949.609 53474.3990823004663    32.19               239.0000
1               1949.609 53474.4213121115745    23.71               239.0000
1               1949.609 53474.4435419142192    30.81               239.0000
1               1949.609 53474.4657717352574    21.49               239.0000
1               1949.609 53474.4880015534717    28.32               239.0000
1               1949.609 53493.2122569923262    44.95               239.0000
1               1949.609 53493.2417685895188    13.64               239.0000
1               1949.609 53493.2712801813120    15.93               239.0000
1               1949.609 53493.3007917698344    18.69               239.0000
1               1949.609 53493.3303033607849    15.34               239.0000
1               1949.609 53493.3598149412507    18.02               239.0000
1               1949.609 53493.3893265308473    14.58               239.0000
1               1949.609 53493.4188381298178    30.59               239.0000
1               1949.609 53493.4483497044400    14.88               239.0000
1               1949.609 53493.4778612939155    19.67               239.0000
1               1949.609 53495.2075678266227    21.69               239.0000
1               1949.609 53495.2383260494134    16.48               239.0000
1               1949.609 53495.2690842871047    14.90               239.0000
1               1949.609 53495.2998425211295    16.37               239.0000
1               1949.609 53495.3306007463546    20.04               239.0000
1               1949.609 53495.3613589740252    16.06               239.0000
1               1949.609 53495.3921172043826    17.63               239.0000
1               1949.609 53495.4228754339195    28.22               239.0000
1               1949.609 53495.4536336529148    24.78               239.0000
1               1949.609 53495.4843918948781    25.25               239.0000
1               1949.609 53500.2039979466469    15.05               239.0000
1               1949.609 53500.2349775381939    14.32               239.0000
1               1949.609 53500.2659571216857    24.59               239.0000
1               1949.609 53500.2969367391234    14.90               239.0000
1               1949.609 53500.3279163200972    22.42               239.0000
1               1949.609 53500.3588959222360    11.90               239.0000
1               1949.609 53500.3898754908297    15.06               239.0000
1               1949.609 53500.4208551006394    14.90               239.0000
1               1949.609 53500.4518347160640    15.73               239.0000
1               1949.609 53500.4828143156967    25.55               239.0000
1               1949.609 53506.1672441321090    24.54               239.0000
1               1949.609 53506.1998781661524    42.76               239.0000
1               1949.609 53506.2325121607196    16.55               239.0000
1               1949.609 53506.2651461945234    30.61               239.0000
1               1949.609 53506.2977801953984    16.38               239.0000
1               1949.609 53506.3304142195845    31.20               239.0000
1               1949.609 53506.3630482211521    15.30               239.0000
1               1949.609 53506.3956822563781    11.79               239.0000
1               1949.609 53506.4283162529990    18.51               239.0000
1               1949.609 53506.4609502886427    28.61               239.0000
C 1                820.024 53507.3131599513244    46.99               239.0000
1               1949.609 53519.1453492834965    31.79               239.0000
1               1949.609 53519.1899574551462    17.84               239.0000
1               1949.609 53519.2345656222602    19.05               239.0000
1               1949.609 53519.2791737798474    20.19               239.0000
1               1949.609 53526.1384480279510    29.76               239.0000
1               1949.609 53526.2211981587403    36.60               239.0000
1               1949.609 53526.3039482685693    50.90               239.0000
1               1949.609 53526.3866983946032    19.20               239.0000
1               1949.609 53553.0646930420077    39.22               239.0000
1               1949.609 53553.1169470874632    19.76               239.0000
1               1949.609 53553.1692011156896    18.48               239.0000
1               1949.609 53553.2214551478940     9.79               239.0000
1               1949.609 53553.2737091790312    15.83               239.0000
1               1949.609 53553.3259632291342    32.95               239.0000
1               1949.609 53579.1159300173832    27.22               239.0000
1               1949.609 53579.2432737543984    25.90               239.0000
1               1949.609 53600.9223037613761    18.49               239.0000
1               1949.609 53600.9545940810839    10.66               239.0000
1               1949.609 53600.9868844037505    14.55               239.0000
1               1949.609 53601.0191747214461    10.90               239.0000
1               1949.609 53601.0514650410222    26.15               239.0000
1               1949.609 53601.0837553593771    11.48               239.0000
1               1949.609 53601.1160456621192    16.71               239.0000
1               1949.609 53601.1483359722475    17.47               239.0000
1               1949.609 53601.1806262982481    25.34               239.0000
1               1949.609 53601.2129166139527    21.44               239.0000
1               1749.609 53601.0676109303230    13.26               239.0000
1               1949.609 53601.0676102011886     8.94               239.0000
1               2149.609 53601.0676096660411    10.67               239.0000
1               1599.609 53624.1235668464672    32.27               239.0000
1               1949.609 53624.8654271459387    20.54               239.0000
1               1949.609 53624.8954688485656    18.04               239.0000
1               1949.609 53624.9255105512624    18.71               239.0000
1               1949.609 53624.9555522675141    19.83               239.0000
1               1949.609 53624.9855939710548    21.73               239.0000
1               1949.609 53625.0156356655512    27.79               239.0000
1               1949.609 53625.0456773660073    20.44               239.0000
1               1949.609 53625.0757190713597    19.51               239.0000
1               1949.609 53625.1057607672838    24.14               239.0000
1               1949.609 53625.1358024700897    17.43               239.0000
C 1               4599.609 53627.1118240524072    30.31               239.0000
1               1949.609 53637.8298200592651    24.53               239.0000
1               1949.609 53637.8547586835997    27.77               239.0000
1               1949.609 53637.8796973279749    26.40               239.0000
1               1949.609 53637.9046359475835    15.85               239.0000
1               1949.609 53637.9295745993695    22.30               239.0000
1               1949.609 53637.9545132246378    12.05               239.0000
1               1949.609 53637.9794518671439    21.61               239.0000
1               1949.609 53638.0043904975287    16.15               239.0000
1               1949.609 53638.0293291176094    26.14               239.0000
1               1949.609 53638.0542677508212    38.63               239.0000
1               1949.609 53658.8375789657867    32.62               239.0000
1               1949.609 53658.8611835846523    23.27               239.0000
1               1949.609 53658.8847881872014    19.94               239.0000
1               1949.609 53658.9083928053894    26.98               239.0000
1               1949.609 53658.9319974075941    18.08               239.0000
1               1949.609 53658.9556020321543    20.96               239.0000
1               1949.609 53658.9792066291738    33.61               239.0000
1               1949.609 53659.0028112427626    25.68               239.0000
1               1949.609 53659.0264158726265    35.23               239.0000
1               1949.609 53659.0500204734561    36.28               239.0000
1               1749.609 53658.9438004456214    19.71               239.0000
1               1949.609 53658.9437997156508    17.93               239.0000
1               2149.609 53658.9437991806263    14.46               239.0000
1               1949.609 53678.7753943806402    25.26               239.0000
1               1949.609 53678.7990048168432    55.75               239.0000
1               1949.609 53678.8226152703111    28.47               239.0000
1               1949.609 53678.8462256927827    41.38               239.0000
1               1949.609 53678.8698361383449    19.20               239.0000
1               1949.609 53678.8934465616214    18.56               239.0000
1               1949.609 53678.9170570147020    19.24               239.0000
1               1949.609 53678.9406674528209    24.81               239.0000
1               1949.609 53678.9642778826289    28.48               239.0000
1               1949.609 53678.9878883036906    36.84               239.0000
1               1949.609 53702.6896461704083    26.40               239.0000
1               1949.609 53702.7195946576807    22.32               239.0000
1               1949.609 53702.7495431608332    25.36               239.0000
1               1949.609 53702.7794916705055    16.64               239.0000
1               1949.609 53702.8094401539910    24.05               239.0000
1               1949.609 53702.8393886485446    21.80               239.0000
1               1949.609 53702.8693371471343    21.05               239.0000
1               1949.609 53702.8992856459900    21.69               239.0000
1               1949.609 53702.9292341469208    19.82               239.0000
1               1949.609 53727.5882382985836    21.92               239.0000
1               1949.609 53727.6194858574211    19.39               239.0000
1               1949.609 53727.6507334343919    14.80               239.0000
1               1949.609 53727.6819809774192    22.05               239.0000
1               1949.609 53727.7132285569712    35.94               239.0000
1               1949.609 53727.7444761134018    21.95               239.0000
1               1949.609 53727.7757236816667    20.52               239.0000
1               1949.609 53727.8069712542703    20.51               239.0000
1               1949.609 53727.8382188010081    23.85               239.0000
1               1949.609 53746.5204781458169    27.10               239.0000
1               1949.609 53746.5513625799971    25.28               239.0000
1               1949.609 53746.5822470381245    26.55               239.0000
1               1949.609 53746.6131314948730    34.04               239.0000
1               1949.609 53746.6440159410987    18.37               239.0000
1               1949.609 53746.6749003842336    20.43               239.0000
1               1949.609 53746.7188953116654    25.96               239.0000
1               1949.609 53746.7561974441781    16.52               239.0000
1               1949.609 53746.7934995540036    36.94               239.0000
1               1949.609 53769.4665950513439    21.21               239.0000
1               1949.609 53769.4963105318942    19.03               239.0000
1               1949.609 53769.5260260244839    28.58               239.0000
1               1949.609 53769.5557414827651    19.10               239.0000
1               1949.609 53769.5854569637724    15.62               239.0000
1               1949.609 53769.6151724610149    13.70               239.0000
1               1949.609 53769.6448879235400    17.49               239.0000
1               1949.609 53769.6746034032114    29.56               239.0000
1               1949.609 53769.7043188795006    17.06               239.0000
1               1949.609 53769.7340343612603    11.74               239.0000
1               1949.609 53803.3816425797436    25.98               239.0000
1               1949.609 53803.4424716529563    16.88               239.0000
1               1949.609 53803.5033007058116    30.54               239.0000
1               1949.609 53803.5641297669189    16.70               239.0000
1               1949.609 53803.6249588161823    17.74               239.0000
1               1949.609 53804.3659078350346    19.48               239.0000
1               1949.609 53804.4168414237677    18.25               239.0000
1               1949.609 53804.4677750319525    24.66               239.0000
1               1949.609 53804.5187086485651    28.77               239.0000
1               1949.609 53804.5696422498751    25.24               239.0000
1               1949.609 53804.6205758621123    26.33               239.0000
1               1949.609 53805.3766566988955    22.34               239.0000
1               1949.609 53805.4391343461712    15.96               239.0000
1               1949.609 53805.5828800257142    35.46               239.0000
1               1949.609 53805.6311145331286    34.54               239.0000
1               1949.609 53810.3934814605754    16.95               239.0000
1               1949.609 53810.4661827442861    16.02               239.0000
1               1949.609 53810.5388840056237    20.92               239.0000
1               1949.609 53810.6115852762083    17.56               239.0000
1               1949.609 53814.3307627168022    22.97               239.0000
1               1949.609 53814.3616607605364    56.42               239.0000
1               1949.609 53814.3925588141574    46.14               239.0000
1               1949.609 53814.4234568396800    31.13               239.0000
1               1949.609 53814.4543548836925    34.07               239.0000
1               1949.609 53814.4852529179894    56.50               239.0000
1               1949.609 53814.5161509551470    25.17               239.0000
C 1               1949.609 53814.5470490146459    40.82               239.0000
1               1949.609 53814.5779470491071    42.91               239.0000
1               1949.609 53814.6088450745937    23.39               239.0000
1               1949.609 53819.3241513325529    22.15               239.0000
1               1949.609 53819.3768034374025    30.62               239.0000
1               1949.609 53819.4294555428880    15.90               239.0000
1               1949.609 53819.4821076529011    13.87               239.0000
1               1949.609 53819.5347597560061    32.50               239.0000
1               1949.609 53819.5874118805892    32.84               239.0000
1               1949.609 53830.3195505363571    18.81               239.0000
1               1949.609 53830.3408482773668    37.09               239.0000
1               1949.609 53830.4899324860557    26.85               239.0000
1               1949.609 53830.5112302399571    30.10               239.0000
1               1949.609 53896.1192468609314    23.42               239.0000
1               1949.609 53896.1713261399769    21.07               239.0000
1               1949.609 53896.2234054152748    13.17               239.0000
1               1949.609 53896.2754846919218    15.63               239.0000
1               1949.609 53896.3275639533589    19.90               239.0000
1               1949.609 53896.3796432333880    29.43               239.0000
1               1949.609 53956.9372117155527    22.99               239.0000
1               1949.609 53956.9679058429084    20.11               239.0000
1               1949.609 53956.9986000137616    37.51               239.0000
1               1949.609 53957.0292941650198    18.97               239.0000
1               1949.609 53957.0599883122243    22.38               239.0000
1               1949.609 53957.0906824530944    24.47               239.0000
1               1949.609 53957.1213765934563    23.81               239.0000
C 1               1949.609 53957.1520707356402    30.09               239.0000
1               1949.609 53957.1827649108244    25.40               239.0000
1               1949.609 53957.2134590415361    30.47               239.0000
1               1949.609 54015.7875845388004    20.13               239.0000
1               1949.609 54015.8181447155483    23.42               239.0000
1               1949.609 54015.8487048849789    30.11               239.0000
1               1949.609 54015.8792650526611    25.87               239.0000
1               1949.609 54015.9098251979822    31.44               239.0000
1               1949.609 54015.9403853620458    21.50               239.0000
1               1949.609 54015.9709455342895    17.83               239.0000
1               1949.609 54016.0015057025588    27.17               239.0000
1               1949.609 54016.0320658762811    26.70               239.0000
1               1949.609 54016.0626260417927    42.16               239.0000
1               1949.609 54073.6555724152608    33.32               239.0000
1               1949.609 54073.7051176257072    20.37               239.0000
1               1949.609 54073.7546628616018    20.45               239.0000
1               1949.609 54073.8042080644600    23.26               239.0000
1               1949.609 54073.8537532934963    28.95               239.0000
1               1949.609 54073.9032984866233    56.15               239.0000
1               1949.609 54138.4821507184315    42.22               239.0000
1               1949.609 54138.5137303142238    27.38               239.0000
1               1949.609 54138.5453099295421    36.58               239.0000
1               1949.609 54138.5768895585267    54.03               239.0000
1               1949.609 54138.6084691589145    21.20               239.0000
1               1949.609 54138.6400487693562    24.60               239.0000
1               1949.609 54138.6716283951909    18.34               239.0000
1               1949.609 54138.7032080009730    53.97               239.0000
1               1949.609 54138.7347876300200    23.29               239.0000
1               1949.609 54194.2806404628364    16.44               239.0000
1               1949.609 54194.3022430626636    12.78               239.0000
1               1949.609 54194.3238456675165    18.23               239.0000
1               1949.609 54194.3454482876153    16.55               239.0000
1               1949.609 54194.3670508888189    19.36               239.0000
1               1949.609 54194.3886534865419    17.02               239.0000
1               1949.609 54194.4254092538494    19.36               239.0000
1               1949.609 54194.4456234511517    28.36               239.0000
1               1949.609 54194.4658376805935    13.96               239.0000
1               1949.609 54194.4860518954320    19.01               239.0000
1               1949.609 54194.5062660991067    12.51               239.0000
1               1949.609 54194.5264803215346    12.61               239.0000
1               1949.609 54194.5553134987886    16.43               239.0000
1               1949.609 54194.5736927105928    18.09               239.0000
1               1949.805 54379.8013435591966    19.82               239.0000
1               1949.805 54379.8525004883641    13.62               239.0000
1               1949.805 54379.9036573919355    12.55               239.0000
1               1949.805 54379.9548143192278     9.60               239.0000
1               1949.805 54380.0059712310293    16.13               239.0000
1               1949.805 54380.0571281510638    14.54               239.0000
1               1949.805 54437.6441706298882    11.30               239.0000
1               1949.805 54437.6722316922778    13.29               239.0000
1               1949.805 54437.7002927383844    16.10               239.0000
1               1949.805 54437.7283538100778    15.44               239.0000
C 1               1949.805 54437.7564148532741    27.29               239.0000
1               1949.805 54437.7844759260026    11.92               239.0000
1               1949.805 54437.8125369916214    25.91               239.0000
1               1949.805 54437.8405980337633    15.69               239.0000
1               1949.805 54437.8686591047556    13.70               239.0000
1               1949.805 54437.8967201452642    19.30               239.0000
1               1949.805 54500.4635063713867    18.01               239.0000
1               1949.805 54500.4937111879632    20.98               239.0000
1               1949.805 54500.5239160111181    14.53               239.0000
1               1949.805 54500.5541208169505    16.16               239.0000
1               1949.805 54500.5843256372895    18.91               239.0000
1               1949.805 54500.6145304595802    13.18               239.0000
1               1949.805 54500.6447352594058    12.82               239.0000
1               1949.805 54500.6749400894088    11.97               239.0000
1               1949.805 54500.7051448952926    23.62               239.0000
1               1949.805 54500.7353497000199    23.39               239.0000
1               1949.805 54556.3157853203783    23.99               239.0000
1               1949.805 54556.3661266734995    21.98               239.0000
1               1949.805 54556.4164680228507    13.23               239.0000
1               1949.805 54556.4668093834411    16.56               239.0000
1               1949.805 54556.5171507455768    24.42               239.0000
1               1949.805 54556.5674920906948    38.38               239.0000
1               1949.805 54626.1486803848362    16.48               239.0000
1               1949.805 54626.2079831864418    15.05               239.0000
1               1949.805 54626.2672859796651    10.17               239.0000
1               1949.805 54626.3265887859479    13.29               239.0000
1               1949.805 54626.3858915674141    23.33               239.0000
1               2049.805 54721.9005433755611    20.17               239.0000
1               2049.805 54721.9966045834358     9.31               239.0000
1               2049.805 54722.0926658194875    12.12               239.0000
1               1999.805 54781.7320078539673    17.09               239.0000
1               1999.805 54781.7588921916287    12.57               239.0000
1               1999.805 54781.7857765103391    17.05               239.0000
1               1999.805 54781.8126608361254    10.53               239.0000
1               1999.805 54781.8395451639517    16.19               239.0000
1               1999.805 54781.8664294867506    34.60               239.0000
1               1999.805 54781.8933138109461    14.66               239.0000
1               1999.805 54781.9201981175982    20.67               239.0000
1               1999.805 54781.9470824503626    17.93               239.0000
1               1999.805 54781.9739667757874    24.97               239.0000
TIME +0.00000512
TIME -0.00004096
1               2029.869 54721.8911013303845   30.481                 0.00000
1               2029.869 54721.9675382333671   12.904                 0.00000
1               2029.869 54722.0440634533251   19.088                 0.00000
1               2029.869 54722.1100429799407   21.337                 0.00000
TIME +0.00004096
1               2030.995 55058.0175980350105    8.586                 0.00000
1               2030.995 55058.1009599382350    9.048                 0.00000
1               2030.995 55058.1843217337771   10.259                 0.00000
TIME -0.00000512
INCLUDE Ter5Y_GUPPI.tim
